[  0   0   0   0   0   0   0   0   0   0   0   0   0   0   0  15  80 126 111  98  84  77  82  87  82  87  76  37   9   0   0   0]
[  0   0   0   0   0   0   0   0   0   0   0   0   0   0   1  80 244 254 253 252 250 249 249 250 250 250 249 224 139  26   0   0]
[  0   0   0   0   0   0   0   0   0   0   0   0   0   0   1  78 249 255 255 255 255 255 255 255 255 255 255 255 252 148   0   0]
[  0   0   0   0   0   0   0   0   0   0   0   0   0   0   0  15  98 123 198 255 255 255 232 198 164 149 182 223 246 190   0   0]
[  0   0   0   0   0   0   0   0   0   0   0   0   0   0   0   0   3   5  60 239 255 254 104  23   8   6  14  36  73  55   0   0]
[  0   0   0   0   0   0   0   0   0   0   0   1   2   0   0   0   0   0   8 149 255 255 158   7   0   0   0   0   1   2   0   0]
[  0   0   0   0   1   1   1   4   5  15  42  79  71  10   0   0   0   0   0  35 221 255 225  30   0   0   0   0   0   0   0   0]
[  0   0  18  49  60  65  80 119 139 179 227 247 234  58   0   0   0   0   0   3 129 255 252  90   1   0   0   0   0   0   0   0]
[  0   0 113 232 242 244 248 255 255 255 255 255 254  81   0   0   0   0   0   0  50 248 255 164   5   0   0   0   0   0   0   0]
[  0   0 129 252 255 255 255 250 247 242 249 255 241  45   0   0   0   0   0   0  24 232 255 220  23   0   0   0   0   0   0   0]
[  0   0  32 120 157 152 128  90  76  61 177 255 216  18   0   0   0   0   0   0  14 212 255 250  75   1   0   0   0   0   0   0]
[  0   0   1   5   7   6   4   1   1   3 148 255 219  21   0   0   0   0   0   1  25 208 255 255 183  19   0   0   0   0   0   0]
[  0   0   0   0   0   0   0   0   0   1 106 255 248  87   7   1   0   1   6  35 152 251 251 255 251 112   5   0   0   0   0   0]
[  0   0   0   0   0   0   0   0   0   0  44 239 255 231 129  63  55  72 130 208 254 222 121 236 255 234  70   8   2   0   0   0]
[  0   0   0   0   0   0   0   0   0   0   7 145 253 255 255 245 241 248 255 255 226  74  12 125 250 255 229 138  54   3   0   0]
[  0   0   0   0   0   0   0   0   0   0   0  28 165 248 255 255 255 255 246 187  65   5   0  18 153 252 255 255 166   9   0   0]
[  0   0   0   0   0   0   0   0   0   0   0   1  17  92 164 184 181 138  72  20   2   0   0   0  20 116 209 216 106   5   0   0]
[  0   0   0   0   0   0   0   0   0   0   0   0   0   2   7  11  11   5   1   0   0   0   0   0   0   5  24  28   9   0   0   0]
